813969168201154560
813969168201154561
813969168201154562
813969168201154563
813969168201154564
813969168201154565
813969168201154566
813969168201154567
813969168201154568
813969168201154569
813969168201154570
813969168201154571
813969168201154572
813969168201154573
813969168201154574
813969168201154575
813969168201154576
813969168201154577
813969168201154578
813969168201154579
813969168201154580
813969168201154581
813969168201154582
813969168201154583
813969168201154584
813969168201154585
813969168201154586
813969168201154587
813969168201154588
813969168201154589
813969168201154590
813969168201154591
813969168201154592
813969168201154593
813969168201154594
813969168201154595
813969168201154596
813969168201154597
813969168201154598
813969168201154599
813969168201154600
813969168201154601
813969168201154602
813969168201154603
813969168201154604
813969168201154605
813969168201154606
813969168201154607
813969168201154608
813969168201154609
813969168201154610
813969168201154611
813969168201154612
813969168201154613
813969168201154614
813969168201154615
813969168201154616
813969168201154617
813969168201154618
813969168201154619
813969168201154620
813969168201154621
813969168201154622
813969168201154623
813969168201154624
813969168201154625
813969168201154626
813969168201154627
813969168201154628
813969168201154629
813969168201154630
813969168201154631
813969168201154632
813969168201154633
813969168201154634
813969168201154635
813969168201154636
813969168201154637
813969168201154638
813969168201154639
813969168201154640
813969168201154641
813969168201154642
813969168201154643
813969168201154644
813969168201154645
813969168201154646
813969168201154647
813969168201154648
813969168201154649
813969168201154650
813969168201154651
813969168201154652
813969168201154653
813969168201154654
813969168201154655
813969168201154656
813969168201154657
813969168201154658
813969168201154659
813969168201154660
813969168201154661
813969168201154662
813969168201154663
813969168201154664
813969168201154665
813969168201154666
813969168201154667
813969168201154668
813969168201154669
813969168201154670
813969168201154671
813969168201154672
813969168201154673
813969168201154674
813969168201154675
813969168201154676
813969168201154677
813969168201154678
813969168201154679
813969168201154680
813969168201154681
813969168201154682
813969168201154683
813969168201154684
813969168201154685
813969168201154686
813969168201154687
813969168201154688
813969168201154689
813969168201154690
813969168201154691
813969168201154692
813969168201154693
813969168201154694
813969168201154695
813969168201154696
813969168201154697
813969168201154698
813969168201154699
813969168201154700
813969168201154701
813969168201154702
813969168201154703
813969168201154704
813969168201154705
813969168201154706
813969168201154707
813969168201154708
813969168201154709
813969168201154710
813969168201154711
813969168201154712
813969168201154713
813969168201154714
813969168201154715
813969168201154716
813969168201154717
813969168201154718
813969168201154719
813969168201154720
813969168201154721
813969168201154722
813969168201154723
813969168201154724
813969168201154725
813969168201154726
813969168201154727
813969168201154728
813969168201154729
813969168201154730
813969168201154731
813969168201154732
813969168201154733
813969168201154734
813969168201154735
813969168201154736
813969168201154737
813969168201154738
813969168201154739
813969168201154740
813969168201154741
813969168201154742
813969168201154743
813969168201154744
813969168201154745
813969168201154746
813969168201154747
813969168201154748
813969168201154749
813969168201154750
813969168201154751
813969168201154752
813969168201154753
813969168201154754
813969168201154755
813969168201154756
813969168201154757
813969168201154758
813969168201154759
